480
480
445
393
424
432
433
428
457
436
438
456
444
434
456
441
458
453
410
441
438
430
453
450
452
438
453
451
450
422
460
448
456
442
428
440
450
427
428
450
444
442
454
445
439
447
449
453
438
440
448
455
452
458
428
414
452
426
424
420
434
419
461
458
464
437
446
433
425
428
433
421
445
458
438
455
440
428
422
436
443
437
456
436
426
426
442
440
457
449
425
428
441
440
427
436
447
464
435
437
468
447
429
424
432
458
444
480
480
480
480
480
480
480
480
480
480
480
480
480
480
480
480
480
480
480
480
480
480
480
480
480
480
480
480
480
480
480
480
480
480
480
480
480
480
480
480
480
480
480
480
480
480
480
480
480
480
480
480
480
480
480
480
480
480
480
480
480
480
480
480
480
480
480
480
480
480
480
480
480
480
480
480
480
480
480
480
480
480
480
480
480
480
480
480
480
480
480
480
480
