4474
4346
4297
4379
4411
4328
4422
4436
4472
4145
4497
4314
4373
4445
4388
4418
4351
4353
4412
4402
4395
4376
4396
4414
4402
4459
4474
4314
4457
4490
4406
4375
4497
4436
4359
4371
4159
4281
4384
4368
4450
4446
4477
4472
4469
4439
4411
4428
4409
4467
4338
4466
4398
4018
4424
4493
4430
4426
4554
4456
4449
4341
4421
4434
4460
4361
4325
4406
4424
4513
4529
4431
4432
4418
4442
4569
4500
4482
4344
4448
4455
4362
4398
4558
4373
4311
4363
4364
4331
4425
4443
4346
4351
4475
4456
4474
4425
4444
4471
4496
4385
4438
4384
4458
4431
4379
4361
4432
4444
4493
4331
4437
4446
4482
4473
4414
4399
4385
4357
4392
4391
4424
4435
4400
4456
4439
4386
4324
4371
4361
4359
4369
4453
4318
4304
4347
4337
4435
4458
4341
4395
4361
4528
4405
4603
4548
4467
4630
4584
4516
4608
4570
4537
4502
4517
4555
4552
4613
4547
4484
4545
4505
4594
4444
4587
4542
4498
4552
4438
4579
4601
4575
4409
4551
4580
4407
4462
4430
4505
4542
4437
4507
4422
4538
4698
4800
4800
4800
4800
4800
4800
4800
4800
4800
4800
4800
4800
4800
4800
4800
