464
441
312
177
123
194
335
466
480
480
404
319
192
213
285
340
441
466
459
304
308
233
224
133
135
350
480
480
356
199
111
238
397
480
480
351
187
35
154
480
377
279
106
10
19
480
352
88
24
252
446
480
431
190
12
164
389
480
398
349
248
183
270
40
473
265
78
32
40
290
424
480
363
109
3
442
443
385
288
211
273
363
471
480
417
310
242
267
424
480
480
447
414
372
411
440
452
427
420
457
442
428
435
386
351
404
462
452
443
417
408
462
436
478
480
478
440
410
318
332
333
382
466
480
466
437
318
270
364
478
480
442
343
263
299
369
480
480
466
398
300
294
394
472
480
480
417
331
335
430
480
462
408
352
390
480
480
449
438
344
316
419
472
448
430
443
450
419
416
446
452
428
471
426
393
382
409
480
480
480
431
451
429
406
352
416
408
382
392
445
452
426
404
438
466
441
425
442
392
376
